37,2
37,1
37,0
18,3
18,2
18,1
18,0
14,3
14,2
14,1
14,0
13,3
13,2
13,1
13,0
12,3
12,2
12,1
12,0
11,3
11,2
11,1
11,0
10,3
10,2
10,1
10,0
8,3
8,2
8,1
8,0
7,4
7,3
7,2
7,1
7,0
6,4
6,3
6,2
6,1
6,0
5,3
5,2
5,1
5,0
4,3
4,2
4,1
4,0
3,6
3,5
3,4
3,3
3,2
3,1
3,0
2,9
2,7
2,6
2,5
2,4
2,3
2,2
2,1
2,0
1,2
1,1
1,0
0,443
0,442
0,439
0,408
0,400
0,384
0,378
0,371
0,363
0,353
0,345
0,328
0,322
0,243
0,9
0,577
2,11
1,3
0,414
0,324
0,0
0,1
0,397
0,300
0,436
0,299
0,435
0,298
0,401
0,297
0,434
0,296
0,601
0,295
0,399
0,294
0,396
0,293
0,433
0,292
0,395
0,291
0,394
0,290
0,432
0,289
0,393
0,288
0,431
0,287
0,392
0,286
0,391
0,285
0,430
0,284
0,390
0,283
0,429
0,282
0,389
0,281
0,388
0,280
0,428
0,279
0,387
0,278
0,427
0,277
0,386
0,276
0,426
0,275
0,425
0,274
0,385
0,273
0,605
0,272
0,424
0,271
0,383
37,3
37,4
38,1
38,2
39,0
39,1
39,3
40,1
40,2
41,0
41,1
41,3
42,1
42,2
43,0
43,1
43,3
44,0
44,2
45,0
45,1
45,3
46,0
46,2
47,0
47,1
47,3
48,0
48,2
48,3
49,1
49,3
50,0
50,2
50,3
51,1
51,3
52,0
52,2
52,3
53,1
53,2
54,0
54,2
54,3
55,1
55,2
56,0
56,2
56,3
57,1
57,2
58,0
58,2
58,3
59,1
59,2
60,0
60,1
60,3
61,1
61,2
62,0
62,1
62,3
63,1
63,2
64,0
64,1
64,3
65,0
65,2
66,0
66,1
66,3
232,0
232,2
232,4
232,5
241,1
241,2
241,4
241,5
241,7
242,0
242,1
242,3
242,4
243,1
243,3
243,4
243,6
243,7
243,9
243,11
243,12
244,1
244,2
244,4
244,5
245,0
245,2
245,3
245,5
245,6
246,1
246,3
246,4
247,1
247,2
248,0
248,1
248,3
249,0
249,1
249,3
249,4
250,1
250,3
250,4
251,0
251,1
251,3
251,4
252,1
252,3
253,0
253,2
253,3
253,5
254,1
254,2
254,4
255,0
255,2
255,3
256,1
256,3
256,4
257,1
257,2
258,0
258,2
258,3
259,1
259,2
259,4
259,6
260,0
260,2
260,3
261,0
261,1
261,3
261,5
262,0
262,2
262,3
262,5
262,7
262,8
263,1
263,2
263,4
264,0
264,2
264,4
264,5
264,7
264,8
264,10
264,12
265,0
265,2
265,3
265,5
265,6
266,1
266,3
266,4
266,6
267,0
267,2
267,4
268,0
268,2
268,3
270,1
270,3
270,4
272,0
272,1
272,3
273,0
273,2
275,0
275,1
275,3
275,4
275,6
275,8
275,7
275,5
275,2
273,3
273,1
272,2
270,5
270,2
270,0
268,1
267,3
267,1
266,5
266,2
266,0
265,4
265,1
264,11
264,9
264,6
264,3
264,1
263,3
263,0
262,6
262,4
262,1
261,4
261,2
260,4
260,1
259,5
259,3
259,0
258,1
257,3
257,0
256,2
256,0
255,1
254,3
254,0
253,4
253,1
252,2
252,0
251,2
250,5
250,2
250,0
249,2
248,4
248,2
247,3
247,0
246,2
246,0
245,4
245,1
244,6
244,3
244,0
243,10
243,8
243,5
243,2
243,0
242,2
241,8
241,6
241,3
241,0
232,3
232,1
66,2
65,3
65,1
64,2
63,3
63,0
62,2
61,3
61,0
60,2
59,3
59,0
58,1
57,3
57,0
56,1
55,3
55,0
54,1
53,3
53,0
52,1
51,2
51,0
50,1
49,2
49,0
48,1
47,2
46,3
46,1
45,2
44,3
44,1
43,2
42,3
42,0
41,2
40,3
40,0
39,2
38,3
38,0
0,270
0,423
0,269
0,422
0,268
0,382
0,267
0,381
0,266
0,421
0,265
0,380
0,264
0,420
0,263
0,419
0,262
0,373
0,261
0,372
0,260
0,379
0,259
0,418
0,258
0,600
0,257
0,377
0,256
0,376
0,255
0,417
0,254
0,375
0,253
0,374
0,252
0,599
0,251
0,416
0,250
0,370
0,249
0,369
0,248
0,368
0,247
0,367
0,246
0,366
0,245
0,365
0,244
0,359
0,242
0,358
0,241
0,357
0,240
0,364
0,239
0,598
0,238
0,362
0,237
0,356
0,236
0,355
0,235
0,354
0,234
0,597
0,233
0,352
0,232
0,351
0,231
0,410
0,230
0,350
0,229
0,349
0,228
0,415
0,227
0,348
0,226
0,347
0,225
0,409
0,224
0,606
0,223
0,406
0,222
0,405
0,221
0,404
0,220
0,402
0,219
0,398
0,218
0,413
0,217
0,361
0,216
0,346
0,215
0,596
0,214
0,344
0,213
0,343
0,212
0,342
0,211
0,341
0,210
0,340
0,209
0,339
0,208
0,338
0,207
0,337
0,206
0,336
0,205
0,335
0,204
0,412
0,203
0,333
0,202
0,332
0,201
0,200
0,199
0,198
0,595
0,197
0,327
0,196
0,326
0,195
0,325
0,194
0,323
0,193
0,604
0,192
0,321
0,63
0,411
0,62
0,360
0,61
0,319
0,60
0,403
0,59
0,318
0,58
0,317
0,57
0,316
0,56
0,603
0,55
0,314
0,54
0,438
0,53
0,313
0,52
0,407
0,51
0,602
0,50
0,311
0,49
0,437
0,48
0,309
0,47
0,308
0,46
0,307
0,45
0,301
0,6
0,5
0,304
0,303
0,306
0,305
0,302
0,12
0,441
0,10
0,8
0,576
0,11
0,4
0,2
0,3
0,7
